numElementos    t_seq(seg)      t_mpi(seg)      speedup_mpi
-----------------------------------------------------------
10              0.0000          1.1847          0.00
500             0.0001          1.0277          0.00
1000            0.0002          1.0910          0.00
5000            0.0016          1.0918          0.00
10000           0.0021          1.0310          0.00
50000           0.0108          1.0499          0.01
200000          0.0422          1.1182          0.04
500000          0.1043          1.2588          0.08
1000000         0.2122          1.4812          0.14
5000000         1.0474          3.3106          0.32
10000000        2.0751          5.5255          0.38
50000000        10.2957         23.5374         0.44
100000000       20.6674         46.3649         0.45
